my_code
FEFE006FA00400000FA00F100000000FA01206B00100000FA01206B000FF300000040FB00100000FA01206B00100000FA01206B0000005F7300000040FB00800000FA01206B00B00000FA01206B00200000FA0RRRR001FA0017002F0300000040FB00200000FA01206B00200000FA01206B00400000FA0RRRR03F0300000040FB00500000FA01206B01900000FA01206B00600000FA0RRRR001FA001700200A001F0300000040FB00000040FA00000041FA00000042FA00000043FA00000044FA00000045FA00000046FA000
my_data
00000000000000000000000000000000000000000000
-----=====-----
mathAdd	1	1	0	-1	0	1
mathSub	1	2	0	-1	0	1
mathMul	1	3	0	-1	0	1
mathDiv	1	4	0	-1	0	1
my_start	1	5	13	-1	0	0
value0	1	6	14	-1	0	0
value1	1	7	14	-1	4	0
value2	1	8	14	-1	8	0
value3	1	9	14	-1	12	0
value4	1	10	14	-1	16	0
value5	1	11	14	-1	20	0
value6	1	12	14	-1	24	0
my_code	0	13	13	204	-1	0
my_data	0	14	14	44	-1	0
destinations	0	15	14	-1	28	0
-----=====-----
mathAdd	56	56	1	13
value1	62	62	1	13
mathAdd	104	104	0	13
value2	114	114	1	13
destinations	166	166	1	13
value3	186	186	1	13
destinations	238	238	1	13
value4	248	248	1	13
destinations	300	300	1	13
value5	326	326	1	13
value0	336	336	1	13
value1	346	346	1	13
value2	356	356	1	13
value3	366	366	1	13
value4	376	376	1	13
value5	386	386	1	13
value6	396	396	1	13
mathAdd	28	436	1	14
mathSub	32	440	1	14
mathMul	36	444	1	14
mathDiv	40	448	1	14
