my_code
A06F00FEFEA00F000400100FA00F000000B00612A00F000100B0061230FF000000B00F040000A00F000100B00612A00F000100B0061230F7050000B00F040000A00F000800B00612A00F000B00B00612A00F000200A01F00RRRR700130F002B00F040000A00F000200B00612A00F000200B00612A00F00040030F003RRRRB00F040000A00F000500B00612A00F001900B00612A00F000600A01F00RRRR7001A0000230F001B00F040000A00F040000A01F040000A02F040000A03F040000A04F040000A05F040000A06F04000000
my_data
00000000000000000000000000000000000000000000
-----=====-----
mathAdd	1	1	0	-1	0	1
mathSub	1	2	0	-1	0	1
mathMul	1	3	0	-1	0	1
mathDiv	1	4	0	-1	0	1
my_start	1	5	13	-1	0	0
value0	1	6	14	-1	0	0
value1	1	7	14	-1	4	0
value2	1	8	14	-1	8	0
value3	1	9	14	-1	12	0
value4	1	10	14	-1	16	0
value5	1	11	14	-1	20	0
value6	1	12	14	-1	24	0
my_code	0	13	13	206	-1	0
my_data	0	14	14	44	-1	0
destinations	0	15	14	-1	28	0
-----=====-----
mathAdd	62	62	1	13
value1	72	72	1	13
mathAdd	114	114	0	13
value2	124	124	1	13
destinations	176	176	1	13
value3	196	196	1	13
destinations	248	248	1	13
value4	258	258	1	13
destinations	310	310	1	13
value5	336	336	1	13
value0	346	346	1	13
value1	356	356	1	13
value2	366	366	1	13
value3	376	376	1	13
value4	386	386	1	13
value5	396	396	1	13
value6	406	406	1	13
mathAdd	28	440	1	14
mathSub	32	444	1	14
mathMul	36	448	1	14
mathDiv	40	452	1	14
